{
    "fl_x": 386.9946405812119,
    "fl_y": 386.9946405812119,
    "cx": 197.5,
    "cy": 122.0,
    "w": 395,
    "h": 244,
    "camera_angle_x": 0.943775437365437,
    "frames": [
        {
            "file_path": "./0239.jpg",
            "transform_matrix": [
                [
                    0.6751895166397659,
                    0.0055632073816127515,
                    -0.7376233234811576,
                    -0.0049959681882500015
                ],
                [
                    0.4636294601483816,
                    0.7745649622975976,
                    0.4302288261651484,
                    0.0165047187013
                ],
                [
                    0.5737306339235161,
                    -0.6324698964413645,
                    0.5203988756647828,
                    1.00443284044
                ],
                [
                    0.0,
                    0.0,
                    0.0,
                    1.0
                ]
            ]
        },
        {
            "file_path": "./0145.jpg",
            "transform_matrix": [
                [
                    0.9249950025910726,
                    0.015177238409926849,
                    0.3796760416668265,
                    -0.004437592311811001
                ],
                [
                    -0.15053328983569716,
                    0.9320847348569967,
                    0.32948107031786233,
                    0.006006608608999996
                ],
                [
                    -0.348889629872806,
                    -0.3619222271162831,
                    0.8644584013626139,
                    0.878675348487
                ],
                [
                    0.0,
                    0.0,
                    0.0,
                    1.0
                ]
            ]
        },
        {
            "file_path": "./0793.jpg",
            "transform_matrix": [
                [
                    -0.2929225571998845,
                    0.1761550844973901,
                    -0.9397689937900686,
                    0.03246028185199999
                ],
                [
                    0.8421092902963659,
                    0.5130203235418304,
                    -0.166319243713969,
                    0.05541018169100001
                ],
                [
                    0.4528226128187851,
                    -0.8401068585833311,
                    -0.29861705825557855,
                    0.88510358876
                ],
                [
                    0.0,
                    0.0,
                    0.0,
                    1.0
                ]
            ]
        },
        {
            "file_path": "./0616.jpg",
            "transform_matrix": [
                [
                    0.8653923990447437,
                    -0.0006504900056834624,
                    0.5010943748819535,
                    -0.144362285478
                ],
                [
                    -0.006256956101847301,
                    0.9999071698146723,
                    0.012103811529913454,
                    -0.07412600627060001
                ],
                [
                    -0.5010557316066974,
                    -0.01360987200397623,
                    0.8653079944205488,
                    0.910292275606
                ],
                [
                    0.0,
                    0.0,
                    0.0,
                    1.0
                ]
            ]
        },
        {
            "file_path": "./0275.jpg",
            "transform_matrix": [
                [
                    0.5928603158577795,
                    0.013486444350597697,
                    0.805192375584737,
                    0.005624715134310008
                ],
                [
                    -0.040755753315448416,
                    0.9990809575575608,
                    0.013274366936242508,
                    -0.0616438043099
                ],
                [
                    -0.804273345606271,
                    -0.040686067205444224,
                    0.5928651022641238,
                    2.05134796593
                ],
                [
                    0.0,
                    0.0,
                    0.0,
                    1.0
                ]
            ]
        },
        {
            "file_path": "./0405.jpg",
            "transform_matrix": [
                [
                    0.5940106057354766,
                    -0.04367222809742549,
                    0.8032708987426215,
                    0.11393525169200001
                ],
                [
                    -0.16358714890354353,
                    0.9711044835994206,
                    0.17376802538646946,
                    -0.06696533446119998
                ],
                [
                    -0.7876488081546129,
                    -0.23462484613976684,
                    0.5697021472546059,
                    1.96983242255
                ],
                [
                    0.0,
                    0.0,
                    0.0,
                    1.0
                ]
            ]
        },
        {
            "file_path": "./0453.jpg",
            "transform_matrix": [
                [
                    0.7387438608516954,
                    -0.02080182901724172,
                    0.6736651927801142,
                    0.4566529496920001
                ],
                [
                    0.052515351607388204,
                    0.9982614114558767,
                    -0.02676363659283739,
                    -0.7328994280039999
                ],
                [
                    -0.6719372336010881,
                    0.05514923669153106,
                    0.7385519046030944,
                    1.72003613169
                ],
                [
                    0.0,
                    0.0,
                    0.0,
                    1.0
                ]
            ]
        },
        {
            "file_path": "./0989.jpg",
            "transform_matrix": [
                [
                    0.45810574657148223,
                    0.01343998801533532,
                    0.8887960911707098,
                    -0.022910786405460005
                ],
                [
                    -0.2203607196567901,
                    0.9703911243849502,
                    0.09890510071403699,
                    0.024393646184399997
                ],
                [
                    -0.8611505548918416,
                    -0.2411647412808512,
                    0.4475033959339456,
                    4.49129028677
                ],
                [
                    0.0,
                    0.0,
                    0.0,
                    1.0
                ]
            ]
        },
        {
            "file_path": "./0295.jpg",
            "transform_matrix": [
                [
                    0.86402868617037,
                    -0.049551627400680934,
                    -0.5009980695538144,
                    -0.015537061473500004
                ],
                [
                    0.34571808960446737,
                    0.7818029889805571,
                    0.5189056647805114,
                    0.0474601659199
                ],
                [
                    0.36596916809335456,
                    -0.6215534752883384,
                    0.6926311033746947,
                    1.09480432834
                ],
                [
                    0.0,
                    0.0,
                    0.0,
                    1.0
                ]
            ]
        },
        {
            "file_path": "./0315.jpg",
            "transform_matrix": [
                [
                    0.8596637775251873,
                    0.0029462824266045834,
                    0.5108517485836651,
                    0.29611736605100003
                ],
                [
                    -0.07881250540473152,
                    0.988776536609283,
                    0.12692340069026073,
                    -0.32946788430299995
                ],
                [
                    -0.504744270500374,
                    -0.1493729562899991,
                    0.8502475764894784,
                    1.669360131602
                ],
                [
                    0.0,
                    0.0,
                    0.0,
                    1.0
                ]
            ]
        },
        {
            "file_path": "./0093.jpg",
            "transform_matrix": [
                [
                    0.995523533204047,
                    -0.029831236659170708,
                    0.08968273053556758,
                    0.037512096324600015
                ],
                [
                    0.012494691941410585,
                    0.9820938984348272,
                    0.18797727876095158,
                    -0.0850220553289
                ],
                [
                    -0.09368445714322053,
                    -0.18601524662367813,
                    0.9780703198202634,
                    0.913236104514
                ],
                [
                    0.0,
                    0.0,
                    0.0,
                    1.0
                ]
            ]
        },
        {
            "file_path": "./0788.jpg",
            "transform_matrix": [
                [
                    -0.972748806006823,
                    -0.01402700662259366,
                    -0.23143682398769225,
                    -0.054888300187099996
                ],
                [
                    0.15035385417423824,
                    0.7216896711649888,
                    -0.6756905631046819,
                    0.014015850987417994
                ],
                [
                    0.17650348140264044,
                    -0.6920746069745516,
                    -0.699913751424965,
                    1.1858074922230002
                ],
                [
                    0.0,
                    0.0,
                    0.0,
                    1.0
                ]
            ]
        },
        {
            "file_path": "./0431.jpg",
            "transform_matrix": [
                [
                    0.6793313916299977,
                    -0.049493741337539886,
                    0.7321606585405033,
                    -0.010592484778900008
                ],
                [
                    -0.27378301029584345,
                    0.9085896661254189,
                    0.3154483822805973,
                    0.096458349788
                ],
                [
                    -0.680846328931424,
                    -0.41474713763751575,
                    0.6036829368154203,
                    1.079575012485
                ],
                [
                    0.0,
                    0.0,
                    0.0,
                    1.0
                ]
            ]
        },
        {
            "file_path": "./0560.jpg",
            "transform_matrix": [
                [
                    0.9502405082813025,
                    0.053840172963125835,
                    0.3068292883617741,
                    0.0011727345553700207
                ],
                [
                    -0.07390725954249631,
                    0.9957936958268981,
                    0.05415378415517456,
                    -0.169771518882
                ],
                [
                    -0.30262302194018564,
                    -0.0741360312311621,
                    0.9502226873028671,
                    1.25013986537
                ],
                [
                    0.0,
                    0.0,
                    0.0,
                    1.0
                ]
            ]
        },
        {
            "file_path": "./0288.jpg",
            "transform_matrix": [
                [
                    0.826527189086671,
                    0.3319942015732085,
                    -0.4545686480854725,
                    0.18681288713900002
                ],
                [
                    0.1267065693250268,
                    0.6770966110890518,
                    0.7249038726214693,
                    -0.331418023312
                ],
                [
                    0.5484507735342968,
                    -0.6567495941174908,
                    0.5175729123864022,
                    0.324394718503
                ],
                [
                    0.0,
                    0.0,
                    0.0,
                    1.0
                ]
            ]
        },
        {
            "file_path": "./0381.jpg",
            "transform_matrix": [
                [
                    0.7372059712293801,
                    0.07355234631699956,
                    -0.6716527438602561,
                    -0.19336450543
                ],
                [
                    0.05424878860354405,
                    0.9844047337677286,
                    0.1673451196501867,
                    -0.11299095625600003
                ],
                [
                    0.67348676669909,
                    -0.15980416917887802,
                    0.7217189221533921,
                    3.48435324555
                ],
                [
                    0.0,
                    0.0,
                    0.0,
                    1.0
                ]
            ]
        },
        {
            "file_path": "./0180.jpg",
            "transform_matrix": [
                [
                    0.8839110614038934,
                    -0.00931108795020922,
                    -0.4675623372011757,
                    0.005453249312859996
                ],
                [
                    0.08265409111340481,
                    0.9871726260102403,
                    0.13659614810917414,
                    0.0333486465581
                ],
                [
                    0.46029288148966574,
                    -0.15938478627908603,
                    0.8733424031573817,
                    3.02050959982
                ],
                [
                    0.0,
                    0.0,
                    0.0,
                    1.0
                ]
            ]
        },
        {
            "file_path": "./0213.jpg",
            "transform_matrix": [
                [
                    0.9009929222442308,
                    -0.011118690582350902,
                    -0.4336912828101753,
                    0.011323925314399977
                ],
                [
                    0.15176561251866977,
                    0.9445855571137696,
                    0.2910761483682617,
                    0.16746326020400001
                ],
                [
                    0.40642213635902574,
                    -0.3280769726936093,
                    0.8527523363002661,
                    1.337884799609998
                ],
                [
                    0.0,
                    0.0,
                    0.0,
                    1.0
                ]
            ]
        },
        {
            "file_path": "./0735.jpg",
            "transform_matrix": [
                [
                    0.37812785519703807,
                    0.009660184298543924,
                    0.9257029793424055,
                    -0.023280603915099996
                ],
                [
                    -0.313827540701756,
                    0.9420738578302008,
                    0.11836013302632899,
                    -0.015244345460529003
                ],
                [
                    -0.8709371962553761,
                    -0.33526635266939747,
                    0.359255999179671,
                    1.585948926
                ],
                [
                    0.0,
                    0.0,
                    0.0,
                    1.0
                ]
            ]
        },
        {
            "file_path": "./0199.jpg",
            "transform_matrix": [
                [
                    0.02512606001293643,
                    0.015191802500184655,
                    0.9995688521782888,
                    -0.07949591359920001
                ],
                [
                    -0.20573900745618276,
                    0.9785588150104495,
                    -0.009700844101910756,
                    0.06861272226329998
                ],
                [
                    -0.9782842848166228,
                    -0.20540655954019624,
                    0.027712873879998857,
                    4.22304151821
                ],
                [
                    0.0,
                    0.0,
                    0.0,
                    1.0
                ]
            ]
        },
        {
            "file_path": "./0243.jpg",
            "transform_matrix": [
                [
                    0.736893920826975,
                    0.5100124782891622,
                    -0.4437055571407627,
                    0.014597036955100005
                ],
                [
                    -0.10542121995472319,
                    0.7350288692111161,
                    0.6697902117898455,
                    -0.0374105964671
                ],
                [
                    0.6677377597766249,
                    -0.44678835416287993,
                    0.5954044430073725,
                    1.10936981881
                ],
                [
                    0.0,
                    0.0,
                    0.0,
                    1.0
                ]
            ]
        },
        {
            "file_path": "./0438.jpg",
            "transform_matrix": [
                [
                    0.9418417888521643,
                    0.006805069923318842,
                    -0.3359877018509665,
                    0.05460049036140001
                ],
                [
                    0.15707230125448574,
                    0.8749512957112361,
                    0.4580267703004368,
                    -0.07422124538
                ],
                [
                    0.29708977927619,
                    -0.48416311420488006,
                    0.8229968055181363,
                    1.1673603414
                ],
                [
                    0.0,
                    0.0,
                    0.0,
                    1.0
                ]
            ]
        },
        {
            "file_path": "./0750.png",
            "transform_matrix": [
                [
                    0.8262452295437877,
                    0.042986464915912584,
                    0.561668037625577,
                    -0.12580457117900004
                ],
                [
                    -0.24551124519332168,
                    0.9248815114569945,
                    0.2903763389958795,
                    0.16938540389999998
                ],
                [
                    -0.5069941312675702,
                    -0.37781788417048,
                    0.7747325972625544,
                    2.27501266605
                ],
                [
                    0.0,
                    0.0,
                    0.0,
                    1.0
                ]
            ]
        },
        {
            "file_path": "./0660.jpg",
            "transform_matrix": [
                [
                    0.5919747763095174,
                    0.16693633967473834,
                    0.7884783590621224,
                    0.02001585057929998
                ],
                [
                    -0.39064750502609424,
                    0.9151431021957441,
                    0.0995370751048948,
                    0.13017838033
                ],
                [
                    -0.7049541765463798,
                    -0.36694054150441074,
                    0.6069548978056486,
                    0.777694408364
                ],
                [
                    0.0,
                    0.0,
                    0.0,
                    1.0
                ]
            ]
        },
        {
            "file_path": "./0968.jpg",
            "transform_matrix": [
                [
                    0.7825062677157077,
                    0.03059719695630553,
                    0.6218904666611721,
                    -0.169429846639
                ],
                [
                    -0.09833318730791982,
                    0.9923303682323267,
                    0.07490677244255417,
                    -0.0021771772167400207
                ],
                [
                    -0.6148288585122683,
                    -0.11976749067385557,
                    0.7795134526858335,
                    0.729597446077
                ],
                [
                    0.0,
                    0.0,
                    0.0,
                    1.0
                ]
            ]
        },
        {
            "file_path": "./0162.jpg",
            "transform_matrix": [
                [
                    0.6782584482584701,
                    0.04942713879677215,
                    0.7331592155298716,
                    0.0069347885627099965
                ],
                [
                    -0.22517917213015068,
                    0.9637147089034336,
                    0.1433467832982317,
                    0.0276222115774
                ],
                [
                    -0.6994710986200875,
                    -0.26231835199530906,
                    0.6647776052197254,
                    1.03041459924
                ],
                [
                    0.0,
                    0.0,
                    0.0,
                    1.0
                ]
            ]
        },
        {
            "file_path": "./0228.jpg",
            "transform_matrix": [
                [
                    0.9030600272008716,
                    0.0027302167664450643,
                    -0.42950568469854905,
                    -0.049975669225700015
                ],
                [
                    0.1942214011593913,
                    0.8893087346023003,
                    0.41401451893833163,
                    0.05316342710299996
                ],
                [
                    0.38309350634491834,
                    -0.4572991586220814,
                    0.8025689035340781,
                    1.1556332094481425
                ],
                [
                    0.0,
                    0.0,
                    0.0,
                    1.0
                ]
            ]
        },
        {
            "file_path": "./0276.jpg",
            "transform_matrix": [
                [
                    0.864691197794386,
                    0.00832748514346038,
                    -0.5022347911565819,
                    0.003586848170919996
                ],
                [
                    0.08952676850575546,
                    0.9812981808948195,
                    0.1704078574873677,
                    0.0311104090134
                ],
                [
                    0.4942611558455983,
                    -0.1923136322877388,
                    0.8477743665967198,
                    2.21804488705
                ],
                [
                    0.0,
                    0.0,
                    0.0,
                    1.0
                ]
            ]
        },
        {
            "file_path": "./0992.jpg",
            "transform_matrix": [
                [
                    0.47799805095956543,
                    -0.10917436188297479,
                    0.8715496669647129,
                    -0.012871426848310004
                ],
                [
                    -0.6631888767951569,
                    0.605747840458523,
                    0.43960216955221443,
                    0.0350542115504
                ],
                [
                    -0.575932614959454,
                    -0.788131024949076,
                    0.21714306468014177,
                    1.14812055519
                ],
                [
                    0.0,
                    0.0,
                    0.0,
                    1.0
                ]
            ]
        },
        {
            "file_path": "./0234.jpg",
            "transform_matrix": [
                [
                    0.7273592574999859,
                    0.06168118044095863,
                    -0.6834792919382995,
                    -0.022160026828400008
                ],
                [
                    0.186053545063631,
                    0.9409273247018776,
                    0.2829131456801235,
                    0.0458670263673
                ],
                [
                    0.6605547584404526,
                    -0.332943240821581,
                    0.6729161979718559,
                    0.866975931933
                ],
                [
                    0.0,
                    0.0,
                    0.0,
                    1.0
                ]
            ]
        },
        {
            "file_path": "./0335.jpg",
            "transform_matrix": [
                [
                    0.8206732149266417,
                    0.0029979379602730035,
                    0.5713899602460273,
                    0.11736671978100001
                ],
                [
                    -0.025144298531445706,
                    0.9992070415497463,
                    0.030871546264564176,
                    -0.33428872185
                ],
                [
                    -0.5708443207682212,
                    -0.039702650860993435,
                    0.8200978362130207,
                    2.66375027513
                ],
                [
                    0.0,
                    0.0,
                    0.0,
                    1.0
                ]
            ]
        },
        {
            "file_path": "./0648.jpg",
            "transform_matrix": [
                [
                    -0.758563096375359,
                    0.06990946207131402,
                    -0.6478384798160165,
                    -0.00045555210969998707
                ],
                [
                    0.44923591922147843,
                    0.7762760526841201,
                    -0.4422471920887621,
                    -0.095605289862
                ],
                [
                    0.47198423458698385,
                    -0.6265047143813529,
                    -0.6202602076219934,
                    0.951369271072
                ],
                [
                    0.0,
                    0.0,
                    0.0,
                    1.0
                ]
            ]
        },
        {
            "file_path": "./0965.jpg",
            "transform_matrix": [
                [
                    0.49977880119479395,
                    -0.007692332588319027,
                    0.8661189167173555,
                    0.03251258583900001
                ],
                [
                    0.022141143180709026,
                    0.9997472595552843,
                    -0.003897023267855445,
                    -0.05502213701429999
                ],
                [
                    -0.865870036238087,
                    0.021124512563596574,
                    0.4998228039155521,
                    1.25609235967
                ],
                [
                    0.0,
                    0.0,
                    0.0,
                    1.0
                ]
            ]
        },
        {
            "file_path": "./0522.jpg",
            "transform_matrix": [
                [
                    0.7690045726286451,
                    0.139877776883958,
                    0.6237516932323605,
                    -0.0244295860782
                ],
                [
                    -0.4580337606962577,
                    0.8012275580104598,
                    0.38501879739441114,
                    0.0321095851234
                ],
                [
                    -0.4459114725353883,
                    -0.5817805495361604,
                    0.6802164000101178,
                    1.24459163714
                ],
                [
                    0.0,
                    0.0,
                    0.0,
                    1.0
                ]
            ]
        },
        {
            "file_path": "./0718.jpg",
            "transform_matrix": [
                [
                    0.624327428451331,
                    0.03048227735137597,
                    -0.7805678015719211,
                    0.04195850804020003
                ],
                [
                    0.03425580630486086,
                    0.9972087775038024,
                    0.06634149383135526,
                    -0.146307965601
                ],
                [
                    0.780411302979238,
                    -0.06815779366180867,
                    0.6215405966993647,
                    1.54845866765
                ],
                [
                    0.0,
                    0.0,
                    0.0,
                    1.0
                ]
            ]
        },
        {
            "file_path": "./0539.jpg",
            "transform_matrix": [
                [
                    0.9995567281418729,
                    -0.01799458721524175,
                    0.023717969079731057,
                    0.15411787379100003
                ],
                [
                    0.013664043632452752,
                    0.9850850921519612,
                    0.17152450300634192,
                    -0.21421246299899996
                ],
                [
                    -0.02645073038546285,
                    -0.17112438765680135,
                    0.9848943104776068,
                    14.6161061014
                ],
                [
                    0.0,
                    0.0,
                    0.0,
                    1.0
                ]
            ]
        },
        {
            "file_path": "./0038.png",
            "transform_matrix": [
                [
                    0.9832560732072172,
                    0.13869946084032445,
                    0.11819456021207869,
                    0.031175302990600003
                ],
                [
                    -0.18131007169579685,
                    0.679544260372918,
                    0.7108771033701176,
                    -0.039563739694799996
                ],
                [
                    0.018279835961747558,
                    -0.720404093378728,
                    0.6933136302139058,
                    1.84440387733
                ],
                [
                    0.0,
                    0.0,
                    0.0,
                    1.0
                ]
            ]
        },
        {
            "file_path": "./0523.jpg",
            "transform_matrix": [
                [
                    0.9191160863116595,
                    -0.10956621821778043,
                    0.37844532459602653,
                    -0.008665138263299912
                ],
                [
                    -0.01921728621026435,
                    0.9469425215294767,
                    0.32082792401863874,
                    -0.732579831086
                ],
                [
                    -0.3935178722673862,
                    -0.3021507980212039,
                    0.8682445389757995,
                    3.30325253789
                ],
                [
                    0.0,
                    0.0,
                    0.0,
                    1.0
                ]
            ]
        },
        {
            "file_path": "./0452.jpg",
            "transform_matrix": [
                [
                    0.8936602709675916,
                    0.015772291490564007,
                    -0.44846689388991406,
                    0.005727008859199996
                ],
                [
                    0.09021377403543458,
                    0.9726640288040664,
                    0.2139770128890617,
                    0.0212507525425
                ],
                [
                    0.4395825236157761,
                    -0.23168064634703267,
                    0.8678083216009206,
                    2.9539289040899996
                ],
                [
                    0.0,
                    0.0,
                    0.0,
                    1.0
                ]
            ]
        },
        {
            "file_path": "./0247.jpg",
            "transform_matrix": [
                [
                    0.9403866519052673,
                    0.017831416453600375,
                    -0.339639493442179,
                    0.115048895919
                ],
                [
                    0.08822974141124425,
                    0.9516469000336173,
                    0.29425106692569786,
                    0.010527117209100014
                ],
                [
                    0.3284637843795061,
                    -0.30667608032525917,
                    0.8933427808559427,
                    1.44444986804
                ],
                [
                    0.0,
                    0.0,
                    0.0,
                    1.0
                ]
            ]
        },
        {
            "file_path": "./0186.jpg",
            "transform_matrix": [
                [
                    0.8536330735062174,
                    -0.0009528200501974326,
                    -0.5208739463154987,
                    0.048114386626900006
                ],
                [
                    0.0410452750966078,
                    0.9970117750456157,
                    0.06544314947062431,
                    -0.056313106234399994
                ],
                [
                    0.5192551022460663,
                    -0.07724385123971117,
                    0.8511213346151562,
                    1.67991263665
                ],
                [
                    0.0,
                    0.0,
                    0.0,
                    1.0
                ]
            ]
        },
        {
            "file_path": "./0227.jpg",
            "transform_matrix": [
                [
                    0.9740708058866412,
                    0.025546957657145722,
                    0.2247963924839837,
                    0.280773996582
                ],
                [
                    -0.17500771447004565,
                    0.7147788740090246,
                    0.6770992993249673,
                    -0.08275544621629997
                ],
                [
                    -0.14338188517145467,
                    -0.6988837630284844,
                    0.7007161485079568,
                    3.13911574726
                ],
                [
                    0.0,
                    0.0,
                    0.0,
                    1.0
                ]
            ]
        },
        {
            "file_path": "./0376.jpg",
            "transform_matrix": [
                [
                    0.9994161536301968,
                    0.020028198720907272,
                    -0.027680735521633013,
                    -0.005597689843509996
                ],
                [
                    -0.015197213222378192,
                    0.9861997781632031,
                    0.16486067530227613,
                    -0.0373323692651
                ],
                [
                    0.030600597597045736,
                    -0.1643437519556031,
                    0.9859283618092437,
                    1.89716895111
                ],
                [
                    0.0,
                    0.0,
                    0.0,
                    1.0
                ]
            ]
        },
        {
            "file_path": "./0207.jpg",
            "transform_matrix": [
                [
                    -0.9986816629221061,
                    -0.04501245030719414,
                    -0.024674186115844085,
                    0.04127747993969999
                ],
                [
                    -0.04601736729909894,
                    0.998065826480026,
                    0.04179722382650014,
                    0.03305650713760001
                ],
                [
                    0.0227450664979629,
                    0.04287756208187575,
                    -0.9988213937536171,
                    0.980719484296
                ],
                [
                    0.0,
                    0.0,
                    0.0,
                    1.0
                ]
            ]
        },
        {
            "file_path": "./0198.jpg",
            "transform_matrix": [
                [
                    0.9404559177771701,
                    0.0006713362218573838,
                    -0.3399150129452626,
                    -0.06209449697009999
                ],
                [
                    0.04054255057234585,
                    0.9926380976020369,
                    0.11413110348234586,
                    -0.0374098323096
                ],
                [
                    0.3374892121401655,
                    -0.12111629327504364,
                    0.933505155418182,
                    0.9201853333790001
                ],
                [
                    0.0,
                    0.0,
                    0.0,
                    1.0
                ]
            ]
        },
        {
            "file_path": "./0021.png",
            "transform_matrix": [
                [
                    0.7983804532534859,
                    0.0312746377496132,
                    -0.60134062634782,
                    0.010015895546000013
                ],
                [
                    0.08179544219302032,
                    0.983761147052115,
                    0.15976079364836346,
                    -0.0999591431314
                ],
                [
                    0.5965720052929121,
                    -0.17673681728586485,
                    0.7828575476524808,
                    1.17854969817
                ],
                [
                    0.0,
                    0.0,
                    0.0,
                    1.0
                ]
            ]
        },
        {
            "file_path": "./0476.jpg",
            "transform_matrix": [
                [
                    0.7054130674008077,
                    0.03610888916679918,
                    -0.7078760855286209,
                    0.03371879398429999
                ],
                [
                    0.2426536739559981,
                    0.9260511794976273,
                    0.2890474138730693,
                    0.05127473115730001
                ],
                [
                    0.6659666649734353,
                    -0.3756665557035828,
                    0.6444866484807633,
                    2.34767644205
                ],
                [
                    0.0,
                    0.0,
                    0.0,
                    1.0
                ]
            ]
        },
        {
            "file_path": "./0600.jpg",
            "transform_matrix": [
                [
                    -0.8666947326705238,
                    0.08870581750825661,
                    -0.4908884988481204,
                    0.004585960017879992
                ],
                [
                    0.37302197535711834,
                    0.7686118801994537,
                    -0.5197022065730853,
                    0.0608225514555
                ],
                [
                    0.33120212297303087,
                    -0.633535362514558,
